52
-108
-64
-23
66
-67
51
-58
-115
27
32
-18
15
105
69
68
51
-37
49
85
-27
9
88
96
40
14
-11
6
52
73
34
-24
94
99
82
32
-96
5
102
-83
-95
6
28
48
-16
-31
-12
-93
60
-91
120
-95
46
80
-127
-42
-33
-9
92
-109
-64
-1
-4
-98
-30
-50
63
2
83
37
47
116
-84
-53
36
28
45
-104
63
-23
-67
55
11
108
8
12
-62
103
-125
-97
122
-60
30
-10
-30
-128
68
-95
2
24
71
-79
12
115
-3
-79
15
-86
-55
-50
19
7
-123
-98
-13
13
43
53
-12
46
84
-17
114
-14
101
-43
-14
42
-10
116
-62
-67
-90
78
-80
35
127
63
77
-55
-115
-32
80
-109
