-127
-54
-116
116
108
-14
86
-128
2
-9
50
18
-88
96
-79
-61
79
-96
114
17
11
-51
-38
41
101
64
-39
100
100
43
125
101
117
-119
89
98
-5
47
98
125
-90
20
16
-50
-12
65
17
-60
98
3
85
-19
81
-81
-105
54
111
-16
26
83
-101
24
56
-111
33
17
115
-99
-64
85
-102
-26
-23
42
53
94
-20
-58
-94
-50
74
119
59
27
-90
82
-47
-107
-62
107
105
-34
3
33
-17
-91
-77
-30
-62
-13
-73
-36
90
32
-121
15
-2
-13
85
32
65
31
23
-4
-70
61
-49
11
83
17
-9
60
111
122
-35
-34
-97
16
64
-31
-124
119
62
94
24
69
-19
-106
-72
-62
55
121
98
-50
