-45
-79
-45
-59
46
85
-69
68
6
118
52
-96
47
52
-53
14
-32
-115
97
-94
-108
102
28
12
33
42
-11
75
68
-19
55
-105
30
-118
-36
-52
96
23
-112
-26
14
68
7
-67
-7
82
75
89
95
45
123
115
19
23
0
-76
-62
117
127
-122
-30
54
-99
-127
65
-7
-51
33
-112
-34
-121
30
-94
14
91
27
-32
39
-11
-65
-44
-16
-77
103
-120
51
-101
-54
40
-102
-48
-118
80
-19
-117
17
102
-39
-78
118
55
-70
21
89
72
-16
-11
-87
-105
106
-24
-21
-38
27
-46
-30
-50
-19
44
118
7
124
-127
-40
-23
-116
105
-49
-27
-100
-58
-100
-42
91
118
-98
-53
-21
-57
-29
-43
48
78
47
