67
106
118
34
93
-33
10
-123
83
-95
-118
106
51
-42
37
52
-83
-29
28
-45
32
59
56
126
-64
-95
53
-72
75
-59
-30
14
-81
-40
-80
-116
55
59
-111
10
92
-100
-11
15
-14
-102
-61
31
-3
95
114
-98
27
43
-100
91
76
81
-108
23
-106
-10
-90
-59
78
-42
-47
5
-111
-29
-113
109
-1
4
-3
113
31
64
17
-100
32
3
-70
-69
-82
-41
-106
122
-88
-86
18
-65
32
56
4
-18
-114
86
115
-96
-71
-125
-115
56
7
10
41
-90
-53
-70
-61
107
62
-3
-90
108
84
-68
103
125
-25
-7
-68
-121
-79
64
-10
-65
22
-23
-33
79
-20
-19
7
116
119
-79
-102
-62
-21
-35
-83
-87
91
-45
-106
47
16
125
44
119
-10
104
126
39
41
-12
102
-65
94
-58
-113
-54
51
22
-66
42
71
-39
109
-77
54
-102
-36
17
-18
-14
-63
126
-17
109
117
101
86
115
12
-1
-24
-13
62
-58
57
77
16
-20
-28
79
-106
-85
-88
-125
-34
94
-98
59
-16
12
-83
49
10
29
30
-1
2
-12
-14
-113
115
90
2
50
-96
-69
-1
49
39
99
0
61
-113
40
65
-19
6
95
-88
118
-21
-42
39
117
115
-58
-12
-11
58
102
4
46
65
-122
-32
97
-63
95
18
104
67
-110
38
82
58
-25
-65
-63
-58
-24
-73
49
62
95
38
49
-91
-102
-90
95
-128
43
13
65
49
109
35
115
77
-75
91
16
-56
1
-30
-126
104
33
-61
-82
-119
-5
95
71
-38
5
-8
-1
31
31
-34
32
-54
108
-31
123
89
-124
110
38
-70
74
-74
2
-53
24
4
-76
-70
72
-30
-61
-61
-62
-117
29
71
3
-100
-25
-94
-6
-121
-20
-26
-24
-24
-64
-19
-42
102
39
-96
-99
-87
-20
53
45
