41
-35
17
-4
-51
-70
-40
-127
118
62
8
-93
-36
-8
-124
-79
-118
21
97
-128
-106
-74
100
119
76
22
70
-69
117
-33
-19
30
61
126
-102
-118
-72
-13
-117
-81
-79
20
-46
13
-116
-42
63
-106
108
32
-105
-126
86
123
121
35
18
63
94
7
-98
-53
-91
91
-55
-64
101
2
51
113
49
100
5
-125
-14
17
-39
-79
39
-59
81
62
-57
40
58
-64
-53
-52
127
-87
83
-98
-12
120
121
61
-72
95
-65
107
80
112
80
-43
115
-62
102
-51
-13
13
18
-60
-52
90
108
-122
-102
-73
-46
-102
-32
-91
-72
84
-99
-79
18
-42
-112
81
-63
96
66
-111
-75
53
-45
-101
-126
70
41
21
-117
117
-17
119
123
9
-81
-51
35
15
-14
91
-28
15
-115
118
101
-99
71
-89
126
9
-72
-77
-65
12
-49
-63
-46
120
86
-35
109
-59
-43
104
79
4
-75
-14
-109
39
-50
-9
-74
-37
-19
-100
-8
-75
-61
-10
62
-5
42
125
-121
121
-65
-38
113
-107
55
94
-37
-116
70
-86
16
123
28
36
34
106
-101
88
-59
9
116
62
62
-73
-76
-4
51
94
-6
58
87
57
-108
72
78
76
38
-87
88
-20
-45
-23
-25
112
-115
-119
90
-88
98
-96
49
86
94
-17
-114
-110
108
65
113
-26
-5
72
-97
16
17
109
-36
-73
-105
-76
36
-22
29
-117
-38
42
-107
-75
83
119
-43
4
77
-77
116
91
-59
96
28
-74
-58
-104
127
-27
40
16
-46
-124
71
-23
-72
-21
84
86
-9
-82
0
12
-29
-45
3
56
88
-48
107
76
-84
-79
44
72
-25
114
96
-26
-41
8
118
41
12
62
-109
69
-87
103
27
32
-107
-101
-84
-7
-17
47
-79
-57
-128
-99
-109
-84
-50
63
116
53
49
85
-100
-120
