46
6
-45
49
123
83
57
74
-85
-1
-36
87
-90
-123
-75
95
125
88
109
-17
119
77
-66
87
44
41
70
-66
61
-105
-93
-21
29
-9
-100
24
-54
85
-29
-11
-43
63
-52
-5
68
1
-38
66
-39
-57
-79
-47
-107
-17
-88
65
-104
111
-128
85
-122
-93
-64
36
26
-36
-68
101
-78
31
-38
7
-33
39
-126
-93
-88
-36
101
2
36
-106
83
57
5
123
-6
29
106
-6
-14
113
30
50
21
-72
-113
81
-99
-63
-15
-8
72
80
-97
74
115
-57
-90
89
73
74
111
28
3
-11
24
126
-110
2
-8
5
-13
-106
-73
-120
-49
-58
90
-20
7
-53
100
-49
-101
-125
-103
-114
-53
-64
103
-108
-118
87
49
14
-52
-55
12
-34
75
-124
99
-65
-101
-101
-57
-22
-31
-95
86
105
-20
59
-72
7
62
-46
22
-119
18
-3
-98
28
-44
79
-86
32
-104
54
127
99
59
98
-94
86
125
-22
-64
-33
11
-106
-56
120
81
0
-1
16
82
-107
25
-28
19
55
-127
103
6
-85
