-10
102
27
43
-56
-16
6
114
-81
-49
-50
126
-120
-55
70
-10
-96
81
-82
-109
55
119
88
-90
51
51
126
27
87
-21
-32
-50
-47
123
121
25
-21
-1
11
26
79
90
24
87
-93
-34
-51
-61
-81
-5
-42
103
-14
-81
-115
-91
98
-117
65
58
-10
-95
-120
71
-100
-127
-31
7
1
108
-95
-48
70
57
-89
106
-105
-12
-83
-58
111
4
-83
-31
51
-70
6
21
-59
-57
-49
59
-24
-41
3
4
-39
100
-117
90
80
-84
-86
23
101
-47
1
124
69
46
-61
52
-78
-16
-107
101
43
27
-5
112
99
74
44
-53
-94
-81
80
-5
-109
91
-43
99
-120
-1
-6
109
80
123
106
21
42
-83
-55
92
