55
-63
-1
-92
-22
-124
-94
96
-40
90
70
-70
68
122
-78
-119
-73
34
108
-83
113
-35
-58
-54
106
8
-34
85
52
0
-94
-21
65
33
15
-85
38
49
-116
126
11
82
-72
-49
77
-22
-39
-124
-116
-59
-78
126
34
-8
-56
13
-128
39
-30
52
-89
5
-97
104
-90
46
-108
76
-33
-96
74
106
114
-126
-70
63
-20
19
68
-7
88
118
-9
-5
-18
63
-120
-18
-26
-22
-93
13
111
-62
-10
-106
113
10
98
-48
42
45
-69
28
47
-11
-36
-100
-120
-96
21
96
-106
-116
-37
4
75
-29
114
-78
78
-107
63
61
-40
-75
83
-55
63
54
25
-23
-29
84
-122
-110
-55
-30
-82
-47
2
67
-78
24
79
13
-100
27
113
-114
77
63
-92
12
-4
-4
66
-48
69
1
-122
-34
107
-23
-77
113
-5
-4
-45
42
78
85
-19
-128
-19
-67
13
9
88
-2
23
37
-67
59
-79
58
-73
115
-118
124
-11
-112
-37
-32
-7
14
-47
116
-118
36
30
88
-7
-116
88
102
-55
-26
