-1
98
9
-50
-116
-102
-126
7
123
-102
-68
-81
1
16
-105
-3
-41
-76
-41
0
-66
77
-47
99
-69
58
34
81
-25
47
66
102
17
-53
-75
29
-27
-73
-92
-32
-47
-32
16
82
112
39
-49
-57
92
39
71
-102
-12
-103
126
48
83
32
1
-70
-49
-61
-95
96
14
-42
-3
116
13
34
-44
94
-126
100
48
115
12
-128
-70
-24
39
-126
2
-101
-101
0
75
110
-96
-52
-87
-17
15
-54
-49
-98
32
77
-110
-83
-17
-26
-117
-15
-53
59
-28
87
59
31
-65
-30
33
65
-2
60
-62
-55
42
-30
22
83
82
-91
-99
-95
-61
61
110
-43
106
-35
60
117
79
-121
49
-77
94
-20
82
-99
79
-13
