45
-112
108
-95
-91
-64
94
-55
-24
-64
117
-69
94
-5
-85
-66
55
118
-89
-105
-44
102
-14
39
-96
15
38
65
41
-87
-91
-41
-71
-111
-8
-33
-46
-42
40
58
22
29
117
-12
-104
-95
51
79
-105
90
102
-21
65
-40
-110
97
103
56
34
17
98
71
104
-101
88
-32
-6
-86
55
-93
101
-51
64
90
66
89
123
-11
40
-110
-49
15
-3
-112
103
16
113
79
-56
19
-32
-86
-38
-56
-58
-77
40
64
-35
-33
99
-62
45
36
-99
-17
-3
-104
100
-91
-85
-77
52
40
-60
28
-72
-75
-21
1
73
75
43
-93
-109
113
-42
59
50
52
-101
21
118
72
-71
-109
-73
54
-84
-101
92
-41
-50
16
127
18
-84
-72
72
23
57
17
-30
-28
52
-11
-42
-117
-79
-120
63
-52
29
53
-108
87
73
-53
13
117
-26
-23
-52
52
122
-53
-57
-90
3
-113
62
-68
32
-96
33
-44
22
119
-33
71
127
-98
-109
28
84
-89
-13
29
-14
-127
18
88
-22
94
12
-28
-87
83
11
45
98
-55
105
2
-23
10
87
127
1
-74
70
0
-43
89
-99
-87
-128
16
70
-14
17
-40
-54
124
-74
87
-32
-33
42
107
-116
13
-76
118
-113
30
0
102
29
-126
-99
-28
2
-14
-67
31
27
-66
-80
-31
48
65
57
123
61
111
82
-98
-50
-4
-119
-37
-119
-66
-47
-103
92
81
127
-7
83
-100
93
-42
14
-101
117
-87
-39
-91
10
-119
103
-61
-124
36
-78
86
66
1
-45
76
92
-36
-118
-83
-11
102
126
-11
-33
82
17
-67
-88
-96
-40
-99
-55
49
-61
84
58
-86
-105
63
78
-54
21
17
75
104
-35
39
-59
-25
84
58
-51
82
-81
44
36
65
105
76
97
-63
106
-86
114
-83
126
45
-41
-106
