-87
-91
-109
57
69
-70
-116
87
-123
60
112
17
-67
11
98
-2
-76
-106
-70
80
122
-36
77
22
108
78
67
106
-12
29
70
29
66
90
-41
8
-108
-29
-33
-103
-97
-49
42
-36
90
12
90
-114
34
-108
95
28
-15
44
-77
-35
-6
118
-57
110
20
-115
11
-42
103
98
94
123
-59
-67
-108
-28
13
62
65
-25
-54
27
-10
108
48
-43
9
-95
-127
60
-2
-5
50
69
-23
-58
82
116
29
58
87
-5
53
-100
57
74
1
-58
8
-62
45
83
93
-93
63
13
-8
-56
46
-7
-124
-84
116
55
113
-35
125
68
-46
26
-2
-87
-106
-77
-59
79
125
70
-107
6
-120
66
-39
102
102
-104
-13
-34
-31
-94
88
-27
-50
76
-100
-64
-86
-102
-124
-4
52
2
37
74
53
106
