-124
-58
107
51
125
104
62
-98
-44
15
-39
17
70
-63
-78
-111
-86
37
76
-77
-126
55
-65
21
8
10
-56
0
-19
-44
40
-15
27
19
-92
24
-5
99
54
79
-14
-113
-31
-72
-48
19
-55
-5
-72
-107
46
-70
76
109
80
-44
-8
-104
85
101
-19
-3
-42
-120
-111
-5
32
12
-34
-42
-36
80
-27
61
-120
54
-48
-47
-79
8
-26
95
67
-78
77
19
6
-59
43
-37
-86
-104
89
0
-96
106
123
64
-10
-39
-106
82
-87
-4
15
-79
-78
95
2
-29
-24
104
-62
-85
-102
-113
62
33
-44
-23
124
-2
2
85
127
34
63
122
-29
-74
-44
-7
-120
-3
117
24
47
-89
-9
-79
10
95
-102
77
-118
-76
92
72
85
-79
-78
82
47
52
39
46
-42
-25
41
57
29
125
-77
37
-6
-88
-67
-87
-48
53
-37
90
20
-11
39
31
41
4
-25
-1
53
25
-47
-28
-51
120
-109
36
-33
60
-35
124
57
16
34
-77
57
95
-35
-119
20
56
99
-87
-83
11
72
86
-113
-81
-43
68
73
38
-88
-106
31
-69
58
126
119
-104
123
48
40
29
100
-31
-4
-63
-22
-111
121
-50
-70
-90
89
-126
124
104
-79
-46
44
122
120
84
-111
23
-112
75
22
-121
99
17
56
12
-82
28
109
42
93
-40
59
86
38
117
124
-1
119
120
-25
-87
-54
-109
-93
-61
103
-76
90
119
-128
-16
127
99
-127
55
-17
-81
-45
-35
90
-80
53
21
-122
-37
11
-126
90
2
122
-63
43
-59
-44
79
8
-69
-125
-30
-77
-125
83
-78
103
84
105
-42
-124
-68
51
94
-20
-24
-13
-14
67
126
-12
29
1
-18
94
-84
51
-78
123
-69
-18
127
30
33
-126
-15
83
105
-59
60
-64
-55
120
115
-89
-28
-36
27
