60
-85
39
43
1
-16
56
56
-85
118
31
-6
40
37
-88
-78
74
-41
-101
117
123
-3
-41
62
109
33
18
47
-40
110
-48
-108
-103
120
63
26
-24
-9
-46
19
-19
113
-115
-106
22
-75
-56
-31
13
-28
-42
8
97
46
-58
79
-49
88
-2
39
70
78
60
95
70
-5
-7
-82
115
75
65
-32
60
79
-10
-45
-124
63
52
17
-93
-118
-103
-124
56
-33
83
-121
-73
-47
47
125
-96
-21
92
102
102
-43
-107
89
-96
86
-70
93
37
48
-80
42
-17
100
-69
18
110
-43
23
39
52
-22
46
108
60
-35
105
92
72
70
66
47
-101
87
8
-68
46
66
-103
-45
-13
-55
125
98
-83
-71
-11
-101
14
-116
66
-62
-10
-15
-82
-78
78
-104
-114
23
94
81
-58
121
40
78
-75
-42
17
-50
42
-124
23
39
102
68
96
-37
96
-18
-25
34
49
94
-109
95
-112
98
119
-97
-7
85
112
63
79
24
13
-124
111
-98
-45
25
-94
106
-64
-119
47
-95
-28
15
15
76
-79
-64
42
-59
-96
58
-89
-105
89
32
109
73
-33
60
-30
108
64
-47
-117
-109
106
-83
126
-86
-74
45
-53
27
-68
91
-25
-19
-101
-111
50
-69
75
89
-45
37
-7
-64
-18
88
124
80
69
60
-95
80
80
-117
125
78
-74
-76
-5
1
79
55
-36
-74
-92
-8
-57
87
51
-110
48
-122
55
-86
-58
-90
-126
-62
118
71
127
-104
23
79
-93
21
29
-39
73
-104
91
24
79
-73
78
115
47
-107
74
-29
-89
-5
-23
95
37
48
-123
39
114
123
-17
113
-109
-122
64
-73
27
-35
16
-28
-11
-21
124
-60
35
74
-72
-46
95
-126
53
-121
-3
-97
102
-94
79
107
74
65
102
-71
51
122
-65
-13
-79
91
81
65
