-20
127
-47
-25
-36
-79
53
-79
-110
19
98
-61
-75
-114
73
79
76
17
-117
38
23
69
-54
124
78
44
44
-127
127
79
-53
-20
79
28
83
-85
77
8
-36
96
-101
-65
-93
-47
-51
108
-96
-102
-3
-85
64
-107
112
-118
-111
62
54
61
64
54
13
-117
-94
-36
40
117
7
-11
-3
100
-43
24
-93
-8
105
-16
-27
-119
10
98
-76
-54
119
-92
-43
-120
99
-117
70
35
65
-45
46
99
47
-42
88
-74
76
-43
-102
-95
110
-67
26
87
46
127
97
-72
97
-107
3
89
-70
88
97
-99
99
39
64
37
122
-18
8
41
69
-31
96
17
54
122
50
36
-72
-52
-4
102
-53
-35
-98
-83
-14
33
-122
44
-7
103
73
-35
15
9
-126
9
120
10
-77
61
107
-109
-50
34
-115
-128
-58
-59
-51
66
-85
24
-97
-54
69
18
107
75
-66
-27
51
-120
66
-62
17
68
75
9
-50
126
-58
-70
-111
20
92
-97
21
-94
-28
98
101
16
-6
-124
90
-64
22
69
-117
85
-86
62
93
108
-128
-18
48
76
120
127
74
-66
-71
92
83
-107
123
-24
-73
-33
-54
-100
111
68
-95
73
-124
55
15
-112
12
57
78
-23
38
79
88
-42
27
80
-43
-27
-114
14
-63
97
35
-68
-55
91
28
19
119
11
-40
-104
-43
-36
80
100
-20
-36
29
-69
70
-61
-118
30
26
37
-18
111
-118
-4
-2
-52
-34
-95
8
39
124
-92
-69
116
48
19
-116
-123
111
92
105
-36
-71
6
23
127
74
33
29
-28
-58
-117
-45
-48
7
81
28
101
115
-91
13
111
-55
72
99
121
-37
112
126
-54
76
103
38
-123
-18
-67
-124
-72
94
33
28
-92
44
111
-11
-76
65
-111
-103
52
-74
38
35
0
-18
7
-7
73
