106
-72
62
14
6
-74
11
-26
-122
-76
-1
29
121
2
11
107
110
28
55
35
12
95
92
63
14
117
-95
101
-15
50
-27
-37
106
-93
105
-15
-39
-11
87
-33
41
-42
124
34
88
7
14
71
-93
-59
-22
48
-91
-58
-17
51
-68
16
24
45
-62
125
-120
-83
-96
114
30
-7
-25
-11
88
-112
75
84
50
36
-36
-64
-21
-1
6
85
-81
43
-101
30
-34
-41
-82
118
-124
-15
115
-115
30
-109
127
-68
12
-26
49
-28
-10
-4
-72
-88
-96
20
-23
11
-108
111
-32
-61
26
-4
98
120
83
-112
110
88
1
97
101
-97
116
100
-37
0
-54
-116
100
64
9
-100
104
41
49
-47
-75
69
-64
21
-120
90
-111
106
82
101
123
64
61
-4
33
34
28
21
6
119
-107
80
-124
121
16
13
-106
-8
-74
71
74
-21
12
-118
-127
20
101
-110
-1
55
119
-6
-8
52
118
-103
-42
18
47
92
10
68
44
14
62
-68
-101
84
53
-47
27
-1
61
-89
9
62
59
-18
80
-70
-90
72
52
30
-4
43
55
83
-67
-26
47
71
-85
-36
-43
105
24
-16
61
-51
66
-40
76
-1
-1
-42
-67
-70
68
-115
-11
106
85
-87
8
-46
84
-64
-91
-110
38
84
89
81
-80
-81
58
73
31
-9
-106
-31
79
99
96
-50
-71
-99
9
125
-85
126
104
-128
-89
-16
-46
124
48
-9
-114
-41
-52
103
-88
-4
-106
99
-59
54
-38
-36
-105
-86
-65
120
-8
-8
-107
-127
-11
-64
127
-35
-63
-89
78
19
-93
-2
-117
-79
85
-41
-104
126
83
-81
97
-103
101
-69
-11
124
-27
52
116
94
-84
-118
95
33
-54
95
127
11
-122
77
-97
-87
-53
-86
-38
-95
1
-14
-97
-44
33
-128
-19
6
-69
98
3
33
