65
-81
108
-98
-62
21
-103
34
-114
-5
-88
35
4
50
46
19
-28
-41
89
42
98
-53
107
20
-10
64
-57
-75
-18
-87
-38
-81
-40
-57
-50
27
92
-25
-67
106
98
-27
13
-26
-105
-69
121
-4
18
82
-90
-11
-99
-111
-119
20
82
-48
73
-64
-7
-93
-17
82
-22
61
-19
-58
-92
42
-80
-122
-113
62
-20
-89
121
-27
35
12
-73
73
-127
-43
91
-118
105
45
-38
50
109
83
85
-36
37
-64
-102
-110
6
-66
60
55
-59
76
-11
49
115
-18
-105
22
122
-50
-33
123
35
-70
-123
12
103
-33
-66
84
-77
-108
-79
88
-44
-53
107
90
9
39
17
78
-13
-122
0
-26
-11
23
124
-17
101
-36
-21
9
22
-16
-107
-2
80
-44
-46
-125
-24
3
91
60
78
70
22
-40
