-103
96
-86
102
107
-120
-58
-79
-91
-35
31
-33
-66
-99
28
65
-29
54
-48
95
-13
83
-81
101
-28
-84
82
-110
-10
78
-60
15
46
-18
-11
26
-10
60
75
27
-103
-22
123
-41
7
23
-103
106
-51
-23
73
64
-68
121
37
33
-91
-8
51
27
-58
119
-86
117
-26
32
15
92
-36
-38
-8
-11
69
-13
76
-52
-118
101
-73
-40
-49
-128
-104
11
121
62
-84
-97
-74
95
58
-4
87
101
-15
-67
5
-128
-103
97
-37
17
-42
-96
-124
-94
-20
-113
-120
35
-25
-41
36
-1
98
29
-67
-113
60
-13
110
-9
112
69
-36
-31
-126
97
-30
-100
66
61
45
-104
93
50
-70
-55
65
-62
109
-88
25
17
39
-4
-82
101
11
107
-40
-7
-30
-56
-65
62
42
-63
31
-116
-35
-31
73
-117
-7
38
61
51
111
-2
118
92
38
15
-19
-51
-117
28
-78
22
7
11
-112
105
83
-49
39
-3
16
-58
9
110
39
-46
121
-96
120
54
83
104
-76
73
68
90
-39
-78
-89
-28
78
-38
123
-43
101
-117
-66
56
-38
101
-74
106
-85
63
88
82
-110
81
114
-118
7
69
114
59
15
55
21
104
105
61
-52
55
-105
-57
-116
124
-46
-54
52
44
-81
106
23
-38
42
-17
-84
60
-63
-98
70
72
99
57
4
-14
-16
-103
-38
-39
86
39
-112
109
110
-100
105
-63
-26
30
109
21
8
4
111
-78
116
-101
110
-75
-71
53
125
-100
-18
1
15
94
27
105
-73
-15
16
-57
-33
-1
-29
-56
64
73
102
45
-34
-17
-78
-51
33
-90
-24
16
-37
33
-59
-40
61
51
90
-52
17
-11
-74
72
102
70
-113
-59
-59
-14
14
-123
-69
-12
51
25
99
101
102
5
-117
-50
-107
-26
111
-38
62
44
-115
24
