-2
86
-33
72
127
0
94
13
-24
21
-27
115
-70
15
112
29
-66
-58
116
-110
85
27
-35
-108
-85
-121
-16
26
8
6
73
-122
-36
-88
78
-37
41
45
104
-111
-62
-51
-123
-4
93
117
-103
-101
-68
-114
-82
-111
41
11
-91
84
19
22
-18
-101
-100
-73
-94
-7
-32
112
84
-119
29
61
-102
95
-118
-97
-36
103
-107
-11
-125
-47
3
-79
-30
-84
60
8
-128
-49
-98
-17
-21
-70
38
13
51
-122
-3
8
-113
-101
-59
-86
122
-49
-55
-42
-73
-34
76
-70
47
-49
-21
-110
-4
-89
26
-4
-9
56
107
98
114
18
-17
38
24
108
-82
40
-121
-13
82
-126
66
-101
-40
121
-6
-92
-77
-87
-12
30
-69
112
70
85
-20
-67
13
-40
-97
0
106
14
-90
2
-6
-44
-86
2
71
124
4
9
-104
92
3
18
-127
54
59
-11
-43
119
-27
-101
76
81
-40
-38
-87
-9
90
-109
-123
-128
22
-1
-44
64
-127
-101
61
5
36
85
-30
-89
-25
-29
94
-94
88
-77
-103
-67
-50
102
-114
38
-64
-72
-99
-102
-53
-94
-102
97
33
-18
34
35
9
-33
-88
-83
-76
10
-43
27
109
-77
61
69
-26
87
-126
52
61
-111
-38
125
-55
-9
-105
20
25
-79
-10
-70
31
-104
93
-88
-9
-122
-43
43
16
42
-58
-2
93
-125
-61
-61
90
-58
119
23
-41
-47
20
32
72
43
-76
-31
92
42
28
-5
66
-7
35
-71
-1
121
100
-112
35
-86
14
1
-82
81
68
-120
-105
60
32
-18
-115
-76
-114
86
96
-61
-73
60
109
83
-72
48
-51
91
105
76
84
78
92
-8
120
-22
121
-90
-68
61
-81
-45
-7
79
66
7
-125
80
-35
99
-109
20
32
-127
-24
88
49
53
51
26
1
8
-24
-34
-128
-31
