-37
126
39
30
48
-84
-66
-13
-14
-2
101
-43
-69
37
-3
63
117
-25
94
-68
69
112
-69
28
-87
55
-27
-2
-128
-46
-49
-37
-48
118
121
-128
-93
-73
-13
21
53
-40
107
112
125
-24
47
114
80
13
-82
21
-2
-22
-78
39
-95
23
-91
-95
105
-11
-4
-71
-21
-10
-71
14
45
44
-92
-29
-124
-113
-45
-127
-9
-125
115
-57
16
-95
93
-114
11
-113
53
45
38
91
78
15
-48
-53
72
59
65
-127
-54
-18
45
-18
81
49
-3
-91
50
116
-88
37
-68
56
70
-103
71
-46
-88
-4
127
78
-41
77
-35
39
-104
-91
-29
89
-90
45
-56
83
-101
-103
4
24
-66
-74
12
-26
91
72
-97
33
97
102
115
-119
-30
114
87
58
64
-76
-31
88
-39
68
50
-1
-15
122
-46
12
-109
86
-92
-46
-116
49
56
103
-7
87
9
-37
61
-4
-28
-96
-17
-68
90
-81
-16
-69
-121
74
-128
57
-55
-15
51
28
126
71
-14
-94
-103
-1
83
81
-26
-51
41
111
40
-26
-20
-116
6
91
-56
-32
-118
57
28
-111
3
28
75
76
-115
-2
-24
-117
-59
91
-82
-34
-38
-127
-80
64
-50
89
48
118
-65
-100
-125
70
119
-53
-90
-127
-124
66
-110
7
-34
93
-44
-20
-36
60
-9
33
23
37
-128
113
39
-80
50
117
-119
-30
108
-56
-2
111
-114
-11
-70
-75
-10
-65
119
8
70
-42
-26
-102
66
66
87
-71
-29
-18
95
-29
-32
6
19
-110
-5
28
-12
-25
101
114
-42
115
-25
17
-88
93
80
-96
-27
22
-10
75
49
-72
13
8
-15
113
118
-48
-44
-42
86
104
-24
-46
4
92
57
-23
78
-112
-35
-75
33
5
-110
-15
37
-8
-121
-101
-61
56
-45
81
-64
69
66
-73
-107
-106
13
108
