-124
-55
-85
-122
-90
106
67
36
97
-7
66
-45
-117
-45
-70
30
-20
124
38
59
61
72
-69
45
30
-48
-19
-122
-62
10
21
-58
84
65
-52
122
43
-113
30
12
9
-31
95
20
52
-103
-77
-95
-107
89
92
82
34
-105
-1
-64
-25
108
-58
41
-9
92
112
-53
29
-68
-59
-56
-52
99
84
85
-60
51
-23
121
76
28
-102
97
-10
118
51
-104
-115
-77
-40
-12
-97
31
-98
22
-5
-114
97
-104
-54
-90
-32
22
-118
-76
-21
-50
103
85
-57
51
-15
-31
20
103
-41
-57
127
-28
-6
-40
89
26
119
119
-80
-14
-123
-110
10
-49
-72
106
102
-62
-98
-47
17
-123
-90
88
56
24
-70
-52
-1
17
19
-1
118
-114
87
79
40
78
70
88
-64
75
106
74
-102
-93
52
-128
-27
82
-46
118
87
-8
79
15
-112
-119
91
16
26
-18
-113
16
-4
102
-33
-92
52
-91
125
116
112
103
62
-117
-118
-14
-117
-16
-60
-35
-26
-101
86
-75
42
102
-66
5
-10
89
115
5
-23
-16
-21
73
20
-97
110
17
-109
95
-7
81
106
3
-61
117
115
7
-45
-38
34
-87
15
-52
-113
78
81
6
39
69
-117
-112
-75
-9
89
73
22
72
-37
42
39
84
-5
17
-41
63
6
-53
-58
89
37
105
-126
-76
-75
-110
-126
-121
24
41
76
35
58
-127
-102
19
74
49
-37
-91
-37
-126
121
86
19
-47
21
-102
28
92
115
-63
69
118
-11
122
-120
-8
-127
32
-95
77
-61
91
78
-34
-17
25
-113
74
62
-22
77
56
-64
-32
-119
86
-6
37
50
-18
102
-9
-28
-37
-15
-20
83
-13
-116
117
-64
-49
80
-113
45
-65
40
60
-118
-26
-90
87
-98
-25
-73
-89
-67
50
76
111
-96
50
-26
4
-114
87
