279
-205
-294
374
-410
448
-375
453
449
95
-247
222
-272
14
177
-100
-384
-435
-263
403
-290
322
64
161
-179
-250
316
313
265
279
-286
32
-437
-68
-105
-335
-131
32
-394
-194
-385
-128
-484
-144
398
205
268
-498
282
-506
417
504
328
-30
153
-363
232
-42
463
-15
-275
-335
-494
-200
110
-87
-22
491
457
96
-215
-439
480
-187
-71
367
-493
-315
381
301
-309
287
294
-492
-255
-65
-343
489
405
-392
-38
-381
-214
-20
-69
408
405
421
387
351
6
-340
424
-26
-15
-159
-171
4
38
-301
-206
242
498
-424
262
-269
23
431
-292
-83
-472
182
48
-174
-349
491
-278
-456
401
-403
407
-105
-231
319
381
266
-352
-301
-241
199
-90
65
-71
-104
153
-321
139
-336
-402
359
93
-362
29
-371
-24
192
-391
210
249
-502
319
144
-95
-424
-48
-226
355
112
-15
-398
-201
407
179
240
-209
-180
431
442
-4
-482
289
-422
-332
-193
-281
157
511
-160
-145
248
-150
-337
-119
267
-249
345
-470
-406
-55
27
-292
257
-77
399
-15
226
-293
-95
