-195
-14584
13739
-16297
-15757
-19486
8723
-16534
-4209
19513
8806
-18370
-11916
-25743
-4478
24511
-7297
-25945
-32480
-29688
17863
5933
-25175
5705
9514
-10951
-10441
17900
19141
-653
-30303
-13822
17531
16204
2650
-30994
29486
-21395
-14760
-7491
30886
26815
6907
-13798
-31696
-30339
-22055
-6225
-23515
-21767
-3145
27116
16935
4449
53
-6319
26266
22381
-21187
12639
-11040
-18722
31586
-26277
30250
1468
-24503
26968
12841
-6495
-13291
10959
-12448
26384
29929
-11376
28814
-24894
15167
-27469
-13893
-20745
32415
-29726
16472
-300
-3276
9970
-10687
8305
-10159
11041
22352
-11341
17532
19834
22895
25797
14035
2968
-13465
-32024
-18841
6855
27129
-21680
28248
23175
-13806
10647
28474
5070
22670
28121
8112
6374
-4947
-27932
-16424
17135
13142
6186
-4592
2726
27613
-19827
-10208
17741
-26798
-28941
-12059
-7495
-28196
1869
32129
31701
12957
27609
22108
31920
5488
17814
4222
-4609
13167
-20434
-31003
-24548
-15597
-14658
25355
30313
24296
-12004
271
19141
937
22831
4114
6907
26659
24824
32181
31231
-6075
31542
30164
-25886
26383
19504
-26734
-897
4550
10256
27262
-15051
22591
29028
-6831
-25774
-18398
-14243
-28229
-26870
6521
4810
25039
-25310
-5127
-3614
14365
-11236
-11558
13778
-12773
15135
12552
-15377
22017
6167
-28641
28052
-27497
8677
5540
32533
26394
-4637
28793
-13204
2357
-22373
5321
6896
-16475
-20926
-21062
-24203
-13468
6580
4951
